{
 "chain_iptm": [
  0.65,
  0.65,
  0.65,
  0.65,
  0.65,
  0.29,
  0.29,
  0.29,
  0.29,
  0.29,
  0.37,
  0.37,
  0.36,
  0.36,
  0.37
 ],
 "chain_pair_iptm": [
  [
   0.79,
   0.75,
   0.54,
   0.54,
   0.74,
   0.94,
   0.7,
   0.46,
   0.73,
   0.39,
   0.93,
   0.73,
   0.73,
   0.46,
   0.41
  ],
  [
   0.75,
   0.79,
   0.75,
   0.54,
   0.54,
   0.74,
   0.93,
   0.39,
   0.47,
   0.69,
   0.74,
   0.93,
   0.47,
   0.41,
   0.73
  ],
  [
   0.54,
   0.75,
   0.79,
   0.75,
   0.54,
   0.47,
   0.73,
   0.69,
   0.39,
   0.93,
   0.48,
   0.74,
   0.42,
   0.72,
   0.92
  ],
  [
   0.54,
   0.54,
   0.75,
   0.79,
   0.75,
   0.39,
   0.47,
   0.93,
   0.69,
   0.74,
   0.4,
   0.48,
   0.72,
   0.92,
   0.74
  ],
  [
   0.74,
   0.54,
   0.54,
   0.75,
   0.79,
   0.68,
   0.39,
   0.73,
   0.93,
   0.47,
   0.71,
   0.41,
   0.92,
   0.73,
   0.47
  ],
  [
   0.94,
   0.74,
   0.47,
   0.39,
   0.68,
   0.51,
   0.15,
   0.06,
   0.15,
   0.06,
   0.27,
   0.04,
   0.05,
   0.02,
   0.02
  ],
  [
   0.7,
   0.93,
   0.73,
   0.47,
   0.39,
   0.15,
   0.51,
   0.06,
   0.06,
   0.14,
   0.05,
   0.27,
   0.02,
   0.02,
   0.04
  ],
  [
   0.46,
   0.39,
   0.69,
   0.93,
   0.73,
   0.06,
   0.06,
   0.51,
   0.15,
   0.15,
   0.02,
   0.02,
   0.04,
   0.26,
   0.05
  ],
  [
   0.73,
   0.47,
   0.39,
   0.69,
   0.93,
   0.15,
   0.06,
   0.15,
   0.51,
   0.06,
   0.04,
   0.02,
   0.26,
   0.05,
   0.02
  ],
  [
   0.39,
   0.69,
   0.93,
   0.74,
   0.47,
   0.06,
   0.14,
   0.15,
   0.06,
   0.51,
   0.02,
   0.05,
   0.02,
   0.04,
   0.27
  ],
  [
   0.93,
   0.74,
   0.48,
   0.4,
   0.71,
   0.27,
   0.05,
   0.02,
   0.04,
   0.02,
   null,
   null,
   null,
   null,
   null
  ],
  [
   0.73,
   0.93,
   0.74,
   0.48,
   0.41,
   0.04,
   0.27,
   0.02,
   0.02,
   0.05,
   null,
   null,
   null,
   null,
   null
  ],
  [
   0.73,
   0.47,
   0.42,
   0.72,
   0.92,
   0.05,
   0.02,
   0.04,
   0.26,
   0.02,
   null,
   null,
   null,
   null,
   null
  ],
  [
   0.46,
   0.41,
   0.72,
   0.92,
   0.73,
   0.02,
   0.02,
   0.26,
   0.05,
   0.04,
   null,
   null,
   null,
   null,
   null
  ],
  [
   0.41,
   0.73,
   0.92,
   0.74,
   0.47,
   0.02,
   0.04,
   0.05,
   0.02,
   0.27,
   null,
   null,
   null,
   null,
   null
  ]
 ],
 "chain_pair_pae_min": [
  [
   0.76,
   2.26,
   5.91,
   6.66,
   2.48,
   1.24,
   5.01,
   9.86,
   4.66,
   11.76,
   1.96,
   5.69,
   5.47,
   10.62,
   11.76
  ],
  [
   2.2,
   0.76,
   2.3,
   5.95,
   6.92,
   4.42,
   1.31,
   11.7,
   9.52,
   5.16,
   5.12,
   2.06,
   10.38,
   11.82,
   5.69
  ],
  [
   6.82,
   2.21,
   0.76,
   2.32,
   5.85,
   9.57,
   4.53,
   5.14,
   11.44,
   1.41,
   10.05,
   5.15,
   11.58,
   5.92,
   2.24
  ],
  [
   5.83,
   6.9,
   2.19,
   0.76,
   2.3,
   11.83,
   9.62,
   1.34,
   5.13,
   4.5,
   11.89,
   10.05,
   5.88,
   2.27,
   5.15
  ],
  [
   2.44,
   5.91,
   6.74,
   2.23,
   0.76,
   5.43,
   11.59,
   4.58,
   1.32,
   9.54,
   6.03,
   11.68,
   2.28,
   5.32,
   10.29
  ],
  [
   1.41,
   5.85,
   12.53,
   13.91,
   7.82,
   0.77,
   11.85,
   16.14,
   9.54,
   17.36,
   3.34,
   11.78,
   10.36,
   16.89,
   17.48
  ],
  [
   7.82,
   1.44,
   5.95,
   12.72,
   14.06,
   9.59,
   0.77,
   17.7,
   16.18,
   12.29,
   10.15,
   3.32,
   16.83,
   17.57,
   12.08
  ],
  [
   12.91,
   14.23,
   7.88,
   1.52,
   6.0,
   17.63,
   16.48,
   0.77,
   12.27,
   9.63,
   17.65,
   16.68,
   12.08,
   3.43,
   10.44
  ],
  [
   6.2,
   12.95,
   14.22,
   7.84,
   1.49,
   12.42,
   17.67,
   9.75,
   0.77,
   16.3,
   12.03,
   17.76,
   3.46,
   10.6,
   16.97
  ],
  [
   14.22,
   7.86,
   1.48,
   5.91,
   12.79,
   16.34,
   9.79,
   12.58,
   17.86,
   0.77,
   16.75,
   10.48,
   17.47,
   12.01,
   3.37
  ],
  [
   null,
   null,
   null,
   null,
   null,
   null,
   null,
   null,
   null,
   null,
   null,
   null,
   null,
   null,
   null
  ],
  [
   null,
   null,
   null,
   null,
   null,
   null,
   null,
   null,
   null,
   null,
   null,
   null,
   null,
   null,
   null
  ],
  [
   null,
   null,
   null,
   null,
   null,
   null,
   null,
   null,
   null,
   null,
   null,
   null,
   null,
   null,
   null
  ],
  [
   null,
   null,
   null,
   null,
   null,
   null,
   null,
   null,
   null,
   null,
   null,
   null,
   null,
   null,
   null
  ],
  [
   null,
   null,
   null,
   null,
   null,
   null,
   null,
   null,
   null,
   null,
   null,
   null,
   null,
   null,
   null
  ]
 ],
 "chain_ptm": [
  0.79,
  0.79,
  0.79,
  0.79,
  0.79,
  0.51,
  0.51,
  0.51,
  0.51,
  0.51,
  null,
  null,
  null,
  null,
  null
 ],
 "fraction_disordered": 0.0,
 "has_clash": 0.0,
 "iptm": 0.72,
 "num_recycles": 10.0,
 "ptm": 0.75,
 "ranking_score": 0.72
}