{
 "chain_iptm": [
  0.65,
  0.65,
  0.65,
  0.65,
  0.65,
  0.29,
  0.29,
  0.29,
  0.29,
  0.29,
  0.37,
  0.37,
  0.37,
  0.37,
  0.37
 ],
 "chain_pair_iptm": [
  [
   0.81,
   0.76,
   0.61,
   0.61,
   0.75,
   0.93,
   0.72,
   0.42,
   0.66,
   0.44,
   0.94,
   0.73,
   0.7,
   0.44,
   0.45
  ],
  [
   0.76,
   0.81,
   0.75,
   0.61,
   0.61,
   0.67,
   0.93,
   0.45,
   0.43,
   0.71,
   0.71,
   0.93,
   0.44,
   0.45,
   0.72
  ],
  [
   0.61,
   0.75,
   0.81,
   0.75,
   0.61,
   0.42,
   0.67,
   0.72,
   0.45,
   0.92,
   0.45,
   0.7,
   0.46,
   0.72,
   0.93
  ],
  [
   0.61,
   0.61,
   0.75,
   0.81,
   0.75,
   0.45,
   0.42,
   0.92,
   0.72,
   0.66,
   0.46,
   0.45,
   0.73,
   0.93,
   0.7
  ],
  [
   0.75,
   0.61,
   0.61,
   0.75,
   0.81,
   0.71,
   0.45,
   0.67,
   0.92,
   0.42,
   0.71,
   0.45,
   0.92,
   0.7,
   0.44
  ],
  [
   0.93,
   0.67,
   0.42,
   0.45,
   0.71,
   0.55,
   0.15,
   0.06,
   0.14,
   0.06,
   0.33,
   0.06,
   0.05,
   0.02,
   0.02
  ],
  [
   0.72,
   0.93,
   0.67,
   0.42,
   0.45,
   0.15,
   0.55,
   0.06,
   0.06,
   0.15,
   0.05,
   0.32,
   0.02,
   0.02,
   0.06
  ],
  [
   0.42,
   0.45,
   0.72,
   0.92,
   0.67,
   0.06,
   0.06,
   0.54,
   0.14,
   0.14,
   0.02,
   0.02,
   0.06,
   0.31,
   0.04
  ],
  [
   0.66,
   0.43,
   0.45,
   0.72,
   0.92,
   0.14,
   0.06,
   0.14,
   0.55,
   0.06,
   0.06,
   0.02,
   0.32,
   0.05,
   0.02
  ],
  [
   0.44,
   0.71,
   0.92,
   0.66,
   0.42,
   0.06,
   0.15,
   0.14,
   0.06,
   0.55,
   0.02,
   0.05,
   0.02,
   0.06,
   0.32
  ],
  [
   0.94,
   0.71,
   0.45,
   0.46,
   0.71,
   0.33,
   0.05,
   0.02,
   0.06,
   0.02,
   null,
   null,
   null,
   null,
   null
  ],
  [
   0.73,
   0.93,
   0.7,
   0.45,
   0.45,
   0.06,
   0.32,
   0.02,
   0.02,
   0.05,
   null,
   null,
   null,
   null,
   null
  ],
  [
   0.7,
   0.44,
   0.46,
   0.73,
   0.92,
   0.05,
   0.02,
   0.06,
   0.32,
   0.02,
   null,
   null,
   null,
   null,
   null
  ],
  [
   0.44,
   0.45,
   0.72,
   0.93,
   0.7,
   0.02,
   0.02,
   0.31,
   0.05,
   0.06,
   null,
   null,
   null,
   null,
   null
  ],
  [
   0.45,
   0.72,
   0.93,
   0.7,
   0.44,
   0.02,
   0.06,
   0.04,
   0.02,
   0.32,
   null,
   null,
   null,
   null,
   null
  ]
 ],
 "chain_pair_pae_min": [
  [
   0.76,
   2.21,
   5.12,
   4.62,
   1.96,
   1.32,
   4.1,
   10.08,
   5.58,
   9.14,
   1.76,
   4.95,
   6.08,
   10.62,
   10.19
  ],
  [
   1.85,
   0.76,
   2.29,
   5.14,
   4.75,
   5.53,
   1.38,
   9.27,
   9.83,
   4.25,
   5.89,
   1.92,
   10.49,
   10.19,
   5.14
  ],
  [
   4.67,
   1.87,
   0.76,
   2.26,
   5.12,
   9.89,
   5.57,
   4.33,
   9.1,
   1.58,
   10.3,
   6.02,
   10.0,
   5.04,
   2.03
  ],
  [
   5.12,
   4.77,
   1.86,
   0.76,
   2.24,
   9.17,
   9.92,
   1.54,
   4.21,
   5.64,
   10.03,
   10.4,
   4.94,
   2.11,
   6.05
  ],
  [
   2.28,
   5.19,
   4.71,
   1.86,
   0.76,
   4.45,
   9.22,
   5.66,
   1.47,
   9.96,
   5.22,
   10.15,
   2.23,
   6.03,
   10.55
  ],
  [
   1.61,
   8.42,
   14.88,
   13.98,
   6.27,
   0.77,
   10.25,
   17.8,
   12.51,
   16.34,
   3.6,
   10.88,
   12.72,
   18.27,
   17.36
  ],
  [
   6.01,
   1.61,
   8.55,
   15.05,
   14.06,
   12.43,
   0.77,
   16.59,
   17.69,
   10.44,
   12.43,
   3.6,
   18.28,
   17.4,
   11.13
  ],
  [
   15.22,
   14.33,
   5.92,
   1.72,
   8.94,
   16.75,
   18.03,
   0.77,
   10.59,
   12.93,
   17.54,
   18.32,
   11.51,
   3.7,
   13.15
  ],
  [
   8.99,
   15.19,
   14.18,
   6.03,
   1.7,
   10.9,
   16.8,
   12.98,
   0.77,
   18.06,
   11.43,
   17.74,
   3.79,
   12.85,
   18.31
  ],
  [
   14.21,
   6.09,
   1.73,
   8.85,
   15.16,
   17.99,
   12.99,
   10.76,
   16.76,
   0.77,
   18.4,
   12.93,
   17.47,
   11.46,
   3.81
  ],
  [
   null,
   null,
   null,
   null,
   null,
   null,
   null,
   null,
   null,
   null,
   null,
   null,
   null,
   null,
   null
  ],
  [
   null,
   null,
   null,
   null,
   null,
   null,
   null,
   null,
   null,
   null,
   null,
   null,
   null,
   null,
   null
  ],
  [
   null,
   null,
   null,
   null,
   null,
   null,
   null,
   null,
   null,
   null,
   null,
   null,
   null,
   null,
   null
  ],
  [
   null,
   null,
   null,
   null,
   null,
   null,
   null,
   null,
   null,
   null,
   null,
   null,
   null,
   null,
   null
  ],
  [
   null,
   null,
   null,
   null,
   null,
   null,
   null,
   null,
   null,
   null,
   null,
   null,
   null,
   null,
   null
  ]
 ],
 "chain_ptm": [
  0.81,
  0.81,
  0.81,
  0.81,
  0.81,
  0.55,
  0.55,
  0.54,
  0.55,
  0.55,
  null,
  null,
  null,
  null,
  null
 ],
 "fraction_disordered": 0.0,
 "has_clash": 0.0,
 "iptm": 0.75,
 "num_recycles": 10.0,
 "ptm": 0.77,
 "ranking_score": 0.76
}